.Random.seed <-
c(403L, 20L, -414996970L, 1669810577L, 614099523L, -1473337006L, 
166813156L, -1960475609L, -553750403L, -261792396L, 1370100058L, 
-1304963163L, 869382079L, -505459642L, 211475152L, 1627202803L, 
-696270319L, -120261568L, 887797790L, -700266775L, -203566053L, 
502496298L, 228745036L, 1479197967L, -671758267L, -2010516996L, 
1296343122L, 750668237L, 1766251399L, 2063060590L, 1742126664L, 
-1348839349L, 210284969L, 2139442424L, 1448269862L, 287590721L, 
1458079443L, -526176638L, 15996084L, 1702349879L, 1541156653L, 
-1297028028L, -1044975254L, 72642005L, -1044690065L, -821054858L, 
496412064L, 988541539L, 1441116929L, -1552766352L, -545438194L, 
1022987897L, 1552767499L, 1934594874L, -332158404L, -158815873L, 
1473159893L, 96809708L, -789814206L, 1117412253L, -1654607337L, 
1805141886L, -811997896L, -1344736741L, 618494841L, 1263934920L, 
-1811734026L, -132500431L, 467060323L, -889783758L, -237754492L, 
-1881745977L, 1286782109L, -1141965804L, 1266391738L, -112805115L, 
1707860191L, 1943927142L, -247223056L, -64694253L, -1816752719L, 
-506066848L, -132839938L, -1585385079L, 1662740155L, -323411318L, 
1805663596L, -2067789073L, -1243368155L, 2130101212L, 1583149490L, 
1393373357L, 445317223L, -539269234L, 1627361384L, 1633696875L, 
1009903113L, 423561368L, 2141549510L, 658016033L, -364436557L, 
223464226L, 1543961876L, 397110679L, -2121935475L, 341800100L, 
-1906780534L, 894160117L, -1769778353L, 712412246L, -1678831872L, 
-755791293L, 1161736673L, -364538544L, 1267190702L, -767874727L, 
-1424009365L, 1833461466L, -198842468L, 927267743L, 1131602421L, 
674796684L, -656507550L, 1872769341L, -1117759049L, -146399650L, 
1654110104L, 1188181755L, -1147289959L, -168925400L, -205873706L, 
783270481L, 771873027L, 1944622226L, 1945266724L, -320588569L, 
316156221L, 2119794100L, 126059034L, -764458651L, -625674241L, 
657895046L, 68089360L, -777655117L, 1370482513L, 1167772416L, 
284586462L, -1342727639L, 531716571L, 1616217834L, -215554932L, 
1050029007L, 860119941L, 457830460L, 292241682L, -1881012723L, 
-896821945L, -1856323794L, 240718472L, 1385362315L, -855497879L, 
1831705912L, -1924845594L, 2026366849L, -1702445293L, -1447622462L, 
346202996L, -526176393L, -561948563L, 18478852L, 1976190506L, 
-2029999211L, -2087923665L, 1792370998L, -1208546976L, -1494153309L, 
-258158399L, 281616560L, 1436020686L, -1226071239L, 1388964683L, 
494846202L, 89602556L, 403036735L, 542912277L, -1287472084L, 
181888258L, 27758045L, 813108439L, -1092773954L, 283886072L, 
-208439845L, 1089575993L, 263269768L, 835447094L, -49384591L, 
-289705565L, -2117997326L, -1242779580L, 1463771911L, 1183757021L, 
-780919852L, 1645828858L, 1339014725L, 1630856863L, 687569958L, 
49404080L, -502324909L, -1618862991L, 1980948896L, -316687042L, 
117283913L, 269981947L, 138793162L, 340354604L, 447199791L, 781398757L, 
-967014500L, -621776398L, 371498093L, 660958631L, 1648744398L, 
-1922108120L, -2122897621L, 1348709705L, 690860632L, -2063791354L, 
1093527265L, -113610125L, -1993460820L, -1365594436L, 639326194L, 
1048017456L, 1074504612L, 688647608L, -291844262L, 1961156752L, 
2014121852L, 515798292L, 1265133890L, 1156617472L, 421462460L, 
-634084016L, -1261719262L, 105943624L, 493011980L, 1675637340L, 
-572430894L, -1986961920L, 2002909524L, -1525592856L, -2016347910L, 
320994000L, 1834090284L, -742251276L, 830881170L, -1480380064L, 
603828236L, 585435360L, 374445666L, -2009542488L, 280338508L, 
-1999751300L, 535506226L, 707235440L, 1423759172L, -956863528L, 
75802490L, 177259568L, -195524676L, -1618421164L, -1909229502L, 
466634400L, 1514787516L, -1107718192L, 1353986402L, 1379756776L, 
-850572084L, -298366468L, 635105778L, -525436800L, -573276684L, 
1004857992L, 1066854202L, -1931370160L, -999587732L, -1610291820L, 
-106826670L, -150261280L, -494309172L, 889797280L, 1014659458L, 
-377385752L, -1134259476L, 858667324L, 902624370L, 577486448L, 
-154515932L, 1228351544L, 1064260890L, 1441829072L, 703380796L, 
668762004L, 297172866L, -472375360L, -221755844L, 971966864L, 
-2039110622L, 120158472L, -135859060L, 595944220L, 1436014738L, 
657770880L, 501865492L, 115089192L, -1797175750L, -1356189232L, 
40710508L, -1853540428L, 497401362L, 408724448L, 1451320780L, 
-207584032L, 601788450L, -1311017176L, 1866413580L, -655420612L, 
-266865678L, -1445827856L, 893463108L, -2056935848L, -1127925958L, 
-159902736L, -459938116L, -843373292L, -1088065342L, -1642357664L, 
-6801028L, 1011734480L, 1374411042L, 515174056L, 1074264972L, 
587848892L, -1703362766L, -1961213376L, -1653594956L, -1712192440L, 
1594087866L, -1880801776L, -438269716L, -975677100L, -1200285934L, 
469628320L, 1442159308L, -1662708128L, -538755134L, 1272767272L, 
-527323732L, -1943965380L, 305291122L, -1285078736L, 1155747620L, 
1769415992L, 571824858L, -1877063792L, 406786812L, 86396820L, 
-1380366270L, -1237172992L, 948153404L, 1281109328L, 2029770914L, 
-1019480248L, 326547212L, 704039644L, 616854354L, -1009241472L, 
-783181740L, -2143065112L, 296449786L, -1320425136L, 45138732L, 
407422836L, -485792878L, 2012313184L, 1929326476L, -1264168096L, 
-1927149598L, -737771608L, -729588532L, -886960644L, -1832326222L, 
1159285232L, 910485956L, 391061848L, -145832582L, -79646288L, 
492507068L, 950177876L, -1454595134L, -969866208L, -464692036L, 
1737972304L, -1869119518L, -106785176L, 1496734284L, 1725227260L, 
1049194482L, -11084544L, 1783379828L, -404561912L, 1117038010L, 
1041956304L, 417596396L, -822165612L, 1963637714L, 1496250208L, 
433907020L, 2015513888L, 844219266L, -1715619096L, 366208236L, 
165145148L, -1751757966L, 147647088L, -522192860L, -752220360L, 
790490266L, 762294992L, 544080060L, -173418860L, 972990082L, 
-1365238592L, 1696330044L, 1059909776L, -196761054L, -963090936L, 
-1131331316L, -780840292L, 826437138L, -1761284736L, 115678740L, 
-306178520L, 1591387450L, 1624754128L, -1702702484L, -560584908L, 
393405074L, -15386272L, -613543604L, 382496736L, 1906876322L, 
-467814488L, -1020195956L, -1027070276L, -161068174L, 614019518L, 
-2097237844L, -2133785091L, 689163591L, -1989286352L, 1771122510L, 
1834541947L, 1876149469L, -1656142582L, 1941348392L, -1975380847L, 
1638187139L, -1032547964L, -2000666702L, 1499234567L, 2014384977L, 
-344861994L, 628591540L, 1899066309L, -1943051505L, -1860771448L, 
-1714129754L, 2025866323L, 360416693L, -1710462190L, -2110957344L, 
-357962423L, -22040709L, -991298996L, 309019610L, -1448670769L, 
-648044647L, -1269958738L, -198509380L, -341019347L, 1789404887L, 
-359272672L, -1966020482L, -1653223861L, 1485038669L, 2133092986L, 
-1836416328L, 896202849L, 1353566739L, -484401100L, -1702420926L, 
-689145257L, 2125613473L, 1123486310L, -729834908L, -1904580203L, 
-472120641L, 167565912L, 1085525622L, -264646013L, -407689531L, 
887952354L, -2115367344L, 1520892793L, -61108053L, 1921857564L, 
1426315082L, -2117226689L, -497290871L, 920220062L, 571435084L, 
-695950819L, 2047578023L, 1990468304L, 1837020270L, -832607461L, 
1989846141L, -2055079318L, 1075759880L, -1509145679L, -1596505053L, 
1025174820L, 1110960594L, 254671399L, 1558422641L, 46480054L, 
816752212L, -725169435L, 1216775919L, -878685656L, 1082685062L, 
156074163L, -417229291L, -335882126L, -244448064L, -2050746071L, 
387948443L, -789743508L, -1639093126L, -1103415889L, -526732103L, 
-1709211954L, -244663268L, 269393805L, -772785673L, -1460450048L, 
-1689736354L, 621755435L, -852462803L, 2065735578L, -561066664L, 
1634672833L, -925999245L, 28877972L, 786583842L, -273141705L, 
1597260033L, -1246858234L, 262492740L, 454630261L, -1110180129L, 
1590135352L, -1541733866L, -381569501L, -998972955L, 818737154L, 
-1710749072L, 5423129L, 2028837387L, -713215748L, -620352214L, 
279491423L, 838189801L, 1929300478L, -262367764L, -251386563L, 
-331002617L, -1460507408L, 227209358L, -1547072837L, -609754467L, 
-148867510L, 509721704L, 1196414033L, -2116092093L, -1590891964L, 
150120690L, -2082515769L, -1710788975L, -1454493674L, 1908537972L, 
-1616986875L, -1461914801L, 976002376L, -1744596762L, -1149958637L, 
